print buddy tree: 原先的内存情况
32 32 32 32 32 32 32 32 32 32 32 
16 16 16 16 16 16 16 16 16 16 16 
8 8 8 8 8 8 8 8 8 8 8 
4 4 4 4 4 4 4 4 4 4 4 
2 2 2 2 2 2 2 2 2 2 2 
1 1 1 1 1 1 1 1 1 1 1 
print buddy tree end


print buddy tree: 产生cp0仓库后的内存情况
16 32 32 32 32 32 32 32 32 32 32 
8 16 16 16 16 16 16 16 16 16 16 
4 8 8 8 8 8 8 8 8 8 8 
2 4 4 4 4 4 4 4 4 4 4 
1 2 2 2 2 2 2 2 2 2 2 
0 1 1 1 1 1 1 1 1 1 1 
print buddy tree end


print buddy tree: 申请6个2046字节后的内存情况
16 32 32 32 32 32 32 32 32 32 32 
8 16 16 16 16 16 16 16 16 16 16 
4 8 8 8 8 8 8 8 8 8 8 
0 4 4 4 4 4 4 4 4 4 4 
0 0 2 2 2 2 2 2 2 2 2 
0 0 0 0 1 1 1 1 1 1 1 
print buddy tree end


print buddy tree: 释放一个slab后的内存情况
16 32 32 32 32 32 32 32 32 32 32 
8 16 16 16 16 16 16 16 16 16 16 
4 8 8 8 8 8 8 8 8 8 8 
1 4 4 4 4 4 4 4 4 4 4 
0 1 2 2 2 2 2 2 2 2 2 
0 0 0 1 1 1 1 1 1 1 1 
print buddy tree end


print buddy tree: 销毁仓库cp0后的内存情况
16 32 32 32 32 32 32 32 32 32 32 
8 16 16 16 16 16 16 16 16 16 16 
4 8 8 8 8 8 8 8 8 8 8 
2 4 4 4 4 4 4 4 4 4 4 
1 2 2 2 2 2 2 2 2 2 2 
0 1 1 1 1 1 1 1 1 1 1 
print buddy tree end


print buddy tree: 产生cp1仓库后的内存情况
16 32 32 32 32 32 32 32 32 32 32 
8 16 16 16 16 16 16 16 16 16 16 
4 8 8 8 8 8 8 8 8 8 8 
2 4 4 4 4 4 4 4 4 4 4 
1 2 2 2 2 2 2 2 2 2 2 
0 1 1 1 1 1 1 1 1 1 1 
print buddy tree end


print buddy tree: 申请8个1022字节后的内存情况
16 32 32 32 32 32 32 32 32 32 32 
8 16 16 16 16 16 16 16 16 16 16 
4 8 8 8 8 8 8 8 8 8 8 
1 4 4 4 4 4 4 4 4 4 4 
0 1 2 2 2 2 2 2 2 2 2 
0 0 0 1 1 1 1 1 1 1 1 
print buddy tree end


print buddy tree: 释放一个slab后的内存情况
16 32 32 32 32 32 32 32 32 32 32 
8 16 16 16 16 16 16 16 16 16 16 
4 8 8 8 8 8 8 8 8 8 8 
2 4 4 4 4 4 4 4 4 4 4 
0 2 2 2 2 2 2 2 2 2 2 
0 0 1 1 1 1 1 1 1 1 1 
print buddy tree end

check_slub() succeeded!
check_alloc_page() succeeded!
satp virtual address: 0xffffffffc0206000
satp physical address: 0x0000000080206000
